%Wavelength (nm)	HBO2	HB	Water (mm-1)	Lipid (mm^-1)
600	0.883272	3.462167	0.0002224	0.000465663
602	0.710117	2.704156	0.00024314	0.000480355
604	0.583015	2.385478	0.000254628	0.00048929
606	0.487227	2.106865	0.000260231	0.00048056
608	0.423676	1.883515	0.000263383	0.000470492
610	0.365651	1.703452	0.0002644	0.000464122
612	0.318678	1.559311	0.00026611	0.000453957
614	0.280915	1.443721	0.000267255	0.000427972
616	0.2496	1.349315	0.000268706	0.000423247
618	0.22289	1.269185	0.000271498	0.000436728
620	0.200785	1.201028	0.0002755	0.000430562
622	0.181444	1.144385	0.000280225	0.000432473
624	0.165786	1.095109	0.000282078	0.00044044
626	0.15105	1.052742	0.000286287	0.000426808
628	0.138155	1.01544	0.000290843	0.000426572
630	0.128024	0.982283	0.0002916	0.000428105
632	0.118813	0.941297	0.000298176	0.000439596
634	0.110524	0.91735	0.000300542	0.000441549
636	0.104998	0.897087	0.000303626	0.000420575
638	0.0995	0.877745	0.000308318	0.000434706
640	0.0958	0.862088	0.0003108	0.000452128
642	0.093	0.847351	0.000320177	0.000449608
644	0.0912	0.835378	0.000323724	0.00046028
646	0.0912	0.824325	0.00032877	0.000464126
648	0.0903	0.814194	0.000336022	0.000464601
650	0.0903	0.804063	0.00034	0.000471293
652	0.0912	0.795773	0.000354431	0.000468275
654	0.0912	0.784721	0.000365534	0.000460651
656	0.0903	0.769984	0.000379155	0.0004347
658	0.0903	0.762616	0.000396973	0.000423758
660	0.0921	0.750643	0.00041	0.000418305
662	0.093	0.735906	0.000421821	0.000411506
664	0.093	0.720249	0.000427692	0.000420426
666	0.093	0.702749	0.000430628	0.00044065
668	0.0939	0.684328	0.000465822	0.000452359
670	0.0939	0.664066	0.000474391	0.000450961
672	0.0939	0.643803	0.000476849	0.000457656
674	0.0949	0.62354	0.000481705	0.000463987
676	0.0949	0.603277	0.000486797	0.000448707
678	0.0949	0.583015	0.000490739	0.000423973
680	0.0949	0.563673	0.000499673	0.000408603
682	0.0949	0.544331	0.000502884	0.000389912
684	0.0949	0.52591	0.000512576	0.000371346
686	0.0949	0.50749	0.000520704	0.000365049
688	0.0949	0.490911	0.000532822	0.000352255
690	0.0949	0.475254	0.000546102	0.000341683
692	0.0949	0.460517	0.000567162	0.000334897
694	0.0949	0.446702	0.000586404	0.000327811
696	0.0958	0.433807	0.000608705	0.000322248
698	0.0958	0.422755	0.000634293	0.000327225
700	0.0967	0.411702	0.000662886	0.000323286
702	0.0976	0.401571	0.000694567	0.000319411
704	0.0976	0.39236	0.00073132	0.000326221
706	0.0995	0.38315	0.000768075	0.000319501
708	0.100393	0.37394	0.000809715	0.000310224
710	0.101314	0.365651	0.000859616	0.000315005
712	0.103156	0.35644	0.000920254	0.000321958
714	0.104077	0.349072	0.000995022	0.000320326
716	0.105919	0.340783	0.001081342	0.000331792
718	0.10684	0.332493	0.001168843	0.000354037
720	0.108682	0.325125	0.001271333	0.00036932
722	0.110524	0.318678	0.001378566	0.000385
724	0.112366	0.313152	0.001490523	0.000403674
726	0.113287	0.307625	0.001612808	0.000433
728	0.115129	0.303941	0.00177585	0.000465187
730	0.116971	0.301178	0.00197441	0.0005
732	0.118813	0.300257	0.002186095	0.000536
734	0.120655	0.301178	0.002426614	0.000564
736	0.122498	0.30302	0.002582038	0.000589
738	0.12434	0.306704	0.002706236	0.000615
740	0.126182	0.312231	0.002780924	0.000651
742	0.128024	0.318678	0.002813927	0.000702
744	0.129866	0.326967	0.002837568	0.000761
746	0.131708	0.337098	0.002843085	0.000828
748	0.13355	0.34723	0.002848494	0.000899
750	0.136313	0.357361	0.00285328	0.000983
752	0.138155	0.367493	0.002858476	0.00104
754	0.139997	0.376703	0.002866201	0.0011
756	0.141839	0.382229	0.002876949	0.00116
758	0.144602	0.384071	0.002868523	0.00123
760	0.146444	0.381308	0.002861621	0.001280673
762	0.148286	0.374861	0.002870099	0.00129
764	0.150129	0.364729	0.002861673	0.00125
766	0.152892	0.350914	0.002850933	0.00115
768	0.154734	0.335256	0.002830706	0.00102
770	0.157497	0.319599	0.002824503	0.000876
772	0.159339	0.303941	0.002792704	0.000726
774	0.161181	0.289205	0.002776291	0.000602
776	0.163944	0.275389	0.002753041	0.000521
778	0.165786	0.262495	0.002723577	0.000457
780	0.168549	0.251442	0.002690492	0.000414
782	0.170391	0.241311	0.002641006	0.000382
784	0.173154	0.233022	0.002609012	0.000361
786	0.174996	0.225653	0.002563853	0.000355
788	0.17776	0.219206	0.002511814	0.000349
790	0.180523	0.214601	0.002463746	0.000345
792	0.182365	0.209996	0.002422891	0.000347
794	0.185128	0.205391	0.00236912	0.000353
796	0.18697	0.201706	0.002338836	0.00037
798	0.189733	0.198943	0.002302244	0.000388
800	0.191575	0.198022	0.002246239	0.000404
802	0.193	0.197	0.002234299	0.000424
804	0.195	0.196	0.002203259	0.000443
806	0.196	0.195	0.002200729	0.000467
808	0.198	0.194	0.002178196	0.000496
810	0.2	0.192	0.002187531	0.000525
812	0.202	0.191	0.002201706	0.000565
814	0.203	0.189	0.002218503	0.000592
816	0.205	0.187	0.002255477	0.000611
818	0.207	0.186	0.002298093	0.000649
820	0.209	0.184	0.002341478	0.000687
822	0.211	0.182	0.002427632	0.000727463
824	0.213	0.181	0.002535568	0.000764
826	0.215	0.179	0.002721295	0.000792
828	0.217	0.178	0.002939154	0.0008
830	0.219	0.177	0.003218351	0.000803
832	0.221	0.176	0.003470787	0.000801
834	0.223	0.175	0.003657882	0.000784
836	0.225	0.175	0.003781945	0.000764
838	0.227	0.175	0.003877397	0.000751
840	0.228416	0.174996	0.003939293	0.000727
842	0.230272	0.176	0.004006954	0.000704
844	0.23211	0.176	0.004059911	0.000686
846	0.233931	0.177	0.004114521	0.00067
848	0.235741	0.178	0.004172823	0.000653
850	0.237539	0.178	0.004199792	0.000638
852	0.239319	0.179	0.004226232	0.000633
854	0.241083	0.179	0.004290724	0.000632
856	0.242828	0.18	0.004353682	0.000646
858	0.244551	0.18	0.00439251	0.000662
860	0.246252	0.18	0.00445574	0.000672
862	0.247926	0.18	0.00450124	0.000694221
864	0.249577	0.18	0.004568213	0.000728919
866	0.251196	0.181	0.004634498	0.000793876
868	0.252785	0.181	0.004701547	0.000869855
870	0.254344	0.181	0.004773501	0.000944609
872	0.255866	0.182	0.004873086	0.001029145
874	0.257351	0.182	0.004954669	0.001140716
876	0.258799	0.183	0.005064666	0.001270674
878	0.260208	0.183	0.005161031	0.001434898
880	0.261574	0.184207	0.0052787	0.001638352
882	0.262895	0.185	0.005396915	0.001865824
884	0.264171	0.186	0.005498754	0.002114978
886	0.265394	0.187	0.005627422	0.002401048
888	0.266563	0.189	0.005739265	0.002734762
890	0.267676	0.19	0.005849904	0.00309022
892	0.268725	0.191	0.005960036	0.003460919
894	0.269713	0.192	0.006069729	0.003803112
896	0.27063	0.193	0.006178845	0.004090728
898	0.271475	0.194	0.006287106	0.004352294
900	0.272246	0.195	0.006400894	0.004594599
902	0.272937	0.196	0.006526352	0.004863266
904	0.273547	0.19618	0.00665827	0.005322274
906	0.274072	0.196	0.006784521	0.005790226
908	0.274512	0.196	0.00694456	0.006392994
910	0.274866	0.196	0.007120957	0.00712746
912	0.275136	0.196	0.007313012	0.00791253
914	0.275322	0.195	0.007548312	0.008680613
916	0.275428	0.194	0.007826682	0.009396154
918	0.275449	0.193	0.008193495	0.010035718
920	0.275389	0.191575	0.008608502	0.010681622
922	0.275249	0.19	0.009118045	0.011352439
924	0.27503	0.189	0.009749191	0.012009198
926	0.274735	0.187	0.010462469	0.012601095
928	0.274367	0.185	0.011309165	0.012992547
930	0.273929	0.183	0.012232193	0.013105301
932	0.273423	0.18	0.013303953	0.012857667
934	0.272854	0.178	0.014358692	0.012239184
936	0.272221	0.175	0.015386419	0.011349946
938	0.27153	0.172	0.016801658	0.010209701
940	0.270784	0.168549	0.018343774	0.008897139
942	0.269983	0.165	0.019921195	0.007597505
944	0.269131	0.161	0.021626524	0.006397384
946	0.268228	0.157	0.023651911	0.00536298
948	0.267277	0.153	0.025909354	0.004555623
950	0.26628	0.149	0.028813561	0.003709019
952	0.265237	0.144	0.032011063	0.00320293
954	0.264153	0.14	0.035831366	0.002802697
956	0.263024	0.135	0.03930277	0.002464071
958	0.261857	0.13	0.041969951	0.002217731
960	0.260653	0.125261	0.044154838	0.002030875
962	0.259412	0.12	0.045652678	0.00190947
964	0.258136	0.116	0.04653522	0.001802141
966	0.256826	0.111	0.047236858	0.001688396
968	0.255486	0.106	0.047721797	0.001587404
970	0.254116	0.101	0.04800052	0.001527842
972	0.252718	0.0964	0.048327837	0.001491119
974	0.251293	0.0919	0.048562146	0.001432045
976	0.249844	0.0874	0.048638289	0.001408777
978	0.248373	0.0831	0.048594532	0.001421464
980	0.246881	0.079	0.048274408	0.001418537
982	0.24537	0.0751	0.047903109	0.001404689
984	0.243841	0.0714	0.047446362	0.001436299
986	0.242296	0.068	0.04683571	0.001518225
988	0.240738	0.0648	0.046074306	0.001598457
990	0.239165	0.0619	0.045353906	0.001699518
992	0.237583	0.0593	0.044376772	0.001866848
994	0.235992	0.057	0.043615673	0.002062576
996	0.234392	0.0551	0.042644912	0.002244901
998	0.232789	0.0536	0.041678043	0.002434429
1000	0.23118	0.0525	0.040715041	0.002683996
1002	0	0	0.0396305	0.002902666
1004	0	0	0.0386754	0.003174419
1006	0	0	0.0375992	0.003464585
1008	0	0	0.0364026	0.003770746
1010	0	0	0.0352107	0.004090836
1012	0	0	0.0340236	0.004415322
1014	0	0	0.032965	0.004746296
1016	0	0	0.0319107	0.005040972
1018	0	0	0.0308604	0.005290936
1020	0	0	0.0295679	0.005488211
1022	0	0	0.0284034	0.005634271
1024	0	0	0.0272435	0.005735761
1026	0	0	0.0262106	0.005858367
1028	0	0	0.0250594	0.006048943
1030	0	0	0.0239127	0.006270113
1032	0	0	0.0232987	0.006496753
1034	0	0	0.02248385	0.006710807
1036	0	0	0.02153065	0.006865222
1038	0	0	0.0206417	0.006965371
1040	0	0	0.01981655	0.007029641
1042	0	0	0.01905495	0.007004988
1044	0	0	0.018416767	0.006914346
1046	0	0	0.0179005	0.006806838
1048	0	0	0.0171469	0.006678052
1050	0	0	0.0166355	0.006526433
1052	0	0	0.016126	0.006367648
1054	0	0	0.0156185	0.006234834
1056	0	0	0.015351233	0.006076748
1058	0	0	0.01508455	0.005840883
1060	0	0	0.01475975	0.005681924
1062	0	0	0.0144952	0.005504768
1064	0	0	0.014369567	0.005349757
1066	0	0	0.0142639	0.005252151
1068	0	0	0.0141195	0.005166235
1070	0	0	0.0140931	0.005050868
1072	0	0	0.014066833	0.005025405
1074	0	0	0.0140991	0.004996928
1076	0	0	0.01424805	0.004874452
1078	0	0	0.0143771	0.004838343
1080	0	0	0.0144281	0.004811887
1082	0	0	0.0147498	0.004800826
1084	0	0	0.0151863	0.004801971
1086	0	0	0.015466633	0.004755416
1088	0	0	0.01582325	0.004771839
1090	0	0	0.01631295	0.004801926
1092	0	0	0.0167625	0.004783397
1094	0	0	0.0171151	0.004788502
1096	0	0	0.0177718	0.004876005
1098	0	0	0.018655	0.004909274
